1359.0	1.2508617458e-05
1360.0	1.5384106480e-05
1361.0	1.8211222997e-05
1362.0	2.1006690243e-05
1363.0	2.3787231451e-05
1364.0	2.6569569853e-05
1365.0	2.9370428683e-05
1366.0	3.2206531174e-05
1367.0	3.5104589304e-05
1368.0	3.8080430423e-05
1369.0	4.1148531439e-05
1370.0	4.4319193220e-05
1371.0	4.7597496899e-05
1372.0	5.0982478144e-05
1373.0	5.4466645725e-05
1374.0	5.8035958593e-05
1375.0	6.1671821007e-05
1376.0	6.5351418614e-05
1377.0	6.9049289849e-05
1378.0	7.2738973832e-05
1379.0	7.6394708599e-05
1380.0	7.9993013869e-05
1381.0	8.3513999352e-05
1382.0	8.6942266192e-05
1383.0	9.0267528936e-05
1384.0	9.3484718309e-05
1385.0	9.6593648435e-05
1386.0	9.9598286719e-05
1387.0	1.0250570709e-04
1388.0	1.0532482959e-04
1389.0	1.0806505939e-04
1390.0	1.1073493594e-04
1391.0	1.1334092093e-04
1392.0	1.1588641963e-04
1393.0	1.1837111465e-04
1394.0	1.2079066428e-04
1395.0	1.2313678838e-04
1396.0	1.2539773541e-04
1397.0	1.2755909560e-04
1398.0	1.2960489866e-04
1399.0	1.3151891542e-04
1400.0	1.3328606712e-04
1401.0	1.3489383738e-04
1402.0	1.3633357933e-04
1403.0	1.3760161451e-04
1404.0	1.3870003053e-04
1405.0	1.3963710191e-04
1406.0	1.4042728134e-04
1407.0	1.4109073810e-04
1408.0	1.4165245434e-04
1409.0	1.4214092740e-04
1410.0	1.4258656407e-04
1411.0	1.4301988760e-04
1412.0	1.4346970531e-04
1413.0	1.4396139943e-04
1414.0	1.4451550233e-04
1415.0	1.4514669682e-04
1416.0	1.4586334281e-04
1417.0	1.4666757630e-04
1418.0	1.4755596114e-04
1419.0	1.4852060625e-04
1420.0	1.4955060170e-04
1421.0	1.5063358441e-04
1422.0	1.5175722767e-04
1423.0	1.5291046060e-04
1424.0	1.5408426521e-04
1425.0	1.5527196368e-04
1426.0	1.5646898719e-04
1427.0	1.5767219875e-04
1428.0	1.5887891096e-04
1429.0	1.6008578642e-04
1430.0	1.6128782348e-04
1431.0	1.6247761273e-04
1432.0	1.6364500134e-04
1433.0	1.6477723288e-04
1434.0	1.6585955081e-04
1435.0	1.6687617871e-04
1436.0	1.6781153187e-04
1437.0	1.6865148292e-04
1438.0	1.6938450262e-04
1439.0	1.7000252539e-04
1440.0	1.7050144036e-04
1441.0	1.7088117295e-04
1442.0	1.7114538657e-04
1443.0	1.7130088750e-04
1444.0	1.7135684918e-04
1445.0	1.7132397978e-04
1446.0	1.7121373938e-04
1447.0	1.7103767581e-04
1448.0	1.7080689949e-04
1449.0	1.7053166976e-04
1450.0	1.7022102793e-04
1451.0	1.6988239623e-04
1452.0	1.6952106997e-04
1453.0	1.6913956370e-04
1454.0	1.6873682513e-04
1455.0	1.6830739254e-04
1456.0	1.6784063095e-04
1457.0	1.6732022459e-04
1458.0	1.6672411725e-04
1459.0	1.6602507059e-04
1460.0	1.6519195038e-04
1461.0	1.6419175878e-04
1462.0	1.6299231728e-04
1463.0	1.6156538743e-04
1464.0	1.5988991420e-04
1465.0	1.5795500885e-04
1466.0	1.5576226933e-04
1467.0	1.5332707652e-04
1468.0	1.5067860227e-04
1469.0	1.4785841218e-04
1470.0	1.4491772367e-04
1471.0	1.4191356259e-04
1472.0	1.3890422357e-04
1473.0	1.3594455286e-04
1474.0	1.3308161845e-04
1475.0	1.3035130008e-04
1476.0	1.2777622246e-04
1477.0	1.2536528130e-04
1478.0	1.2311479840e-04
1479.0	1.2101111819e-04
1480.0	1.1903425866e-04
1481.0	1.1716208343e-04
1482.0	1.1537439302e-04
1483.0	1.1365635294e-04
1484.0	1.1200078185e-04
1485.0	1.1040900027e-04
1486.0	1.0889016220e-04
1487.0	1.0745922483e-04
1488.0	1.0613392061e-04
1489.0	1.0493124861e-04
1490.0	1.0386407439e-04
1491.0	1.0293840869e-04
1492.0	1.0215182658e-04
1493.0	1.0149330625e-04
1494.0	1.0094453860e-04
1495.0	1.0048251875e-04
1496.0	1.0008301669e-04
1497.0	9.9724369065e-05
1498.0	9.9390964162e-05
1499.0	9.9075819528e-05
1500.0	9.8781775192e-05
1501.0	9.8521029076e-05
1502.0	9.8312995564e-05
1503.0	9.8180736338e-05
1504.0	9.8146453500e-05
1505.0	9.8226710857e-05
1506.0	9.8428130594e-05
1507.0	9.8744283076e-05
1508.0	9.9154346991e-05
1509.0	9.9623881556e-05
1510.0	1.0010775318e-04
1511.0	1.0055493774e-04
1512.0	1.0091462219e-04
1513.0	1.0114280978e-04
1514.0	1.0120849267e-04
1515.0	1.0109848483e-04
1516.0	1.0082014357e-04
1517.0	1.0040146382e-04
1518.0	9.9888374099e-05
1519.0	9.9339475524e-05
1520.0	9.8818657626e-05
1521.0	9.8386852870e-05
1522.0	9.8093716758e-05
1523.0	9.7970430549e-05
1524.0	9.8024706924e-05
1525.0	9.8238812998e-05
1526.0	9.8570597070e-05
1527.0	9.8960369681e-05
1528.0	9.9336029947e-05
1529.0	9.9623378555e-05
1530.0	9.9757048592e-05
1531.0	9.9690663230e-05
1532.0	9.9404860811e-05
1533.0	9.8919091251e-05
1534.0	9.8259292104e-05
1535.0	9.7506228025e-05
1536.0	9.6760803557e-05
1537.0	9.6133365980e-05
1538.0	9.5731224026e-05
1539.0	9.5645964458e-05
1540.0	9.5835883026e-05
1541.0	9.6634151939e-05
1542.0	9.7819019895e-05
1543.0	9.9338303900e-05
1544.0	1.0110640825e-04
1545.0	1.0301381045e-04
1546.0	1.0493930234e-04
1547.0	1.0831792320e-04
1548.0	1.0835411751e-04
1549.0	1.0966839428e-04
1550.0	1.1066876274e-04
1551.0	1.1135352411e-04
1552.0	1.1175527081e-04
1553.0	1.1193519753e-04
1554.0	1.1197410138e-04
1555.0	1.1216985018e-04
1556.0	1.1230217681e-04
1557.0	1.1254797608e-04
1558.0	1.1295667809e-04
1559.0	1.1355141492e-04
1560.0	1.1432729562e-04
1561.0	1.1525309612e-04
1562.0	1.1627590473e-04
1563.0	1.1735500170e-04
1564.0	1.1841780939e-04
1565.0	1.1940085254e-04
1566.0	1.2024971176e-04
1567.0	1.2092431759e-04
1568.0	1.2140202755e-04
1569.0	1.2167828461e-04
1570.0	1.2176496114e-04
1571.0	1.2169008130e-04
1572.0	1.2149159730e-04
1573.0	1.2121295712e-04
1574.0	1.2089821096e-04
1575.0	1.2058764354e-04
1576.0	1.2031433388e-04
1577.0	1.2010186689e-04
1578.0	1.1996323633e-04
1579.0	1.1990117861e-04
1580.0	1.1990938064e-04
1581.0	1.1997444316e-04
1582.0	1.2007826376e-04
1583.0	1.2020053667e-04
1584.0	1.2032110575e-04
1585.0	1.2042196650e-04
1586.0	1.2048877957e-04
1587.0	1.2051185204e-04
1588.0	1.2048658489e-04
1589.0	1.2041344201e-04
1590.0	1.2029752745e-04
1591.0	1.2014787560e-04
1592.0	1.1997656318e-04
1593.0	1.1979774718e-04
1594.0	1.1962672111e-04
1595.0	1.1947906760e-04
1596.0	1.1936996946e-04
1597.0	1.1931372500e-04
1598.0	1.1932349669e-04
1599.0	1.1941130413e-04
1600.0	1.1958825169e-04
1601.0	1.1986495861e-04
1602.0	1.2025213396e-04
1603.0	1.2076121467e-04
1604.0	1.2140496267e-04
1605.0	1.2219790374e-04
1606.0	1.2315648833e-04
1607.0	1.2429886835e-04
1608.0	1.2564421522e-04
1609.0	1.2721155356e-04
1610.0	1.2901814734e-04
1611.0	1.3107754530e-04
1612.0	1.3339745959e-04
1613.0	1.3597770623e-04
1614.0	1.3880846627e-04
1615.0	1.4186912472e-04
1616.0	1.4512790625e-04
1617.0	1.4854245216e-04
1618.0	1.5206138064e-04
1619.0	1.5562675293e-04
1620.0	1.5917724887e-04
1621.0	1.6265175382e-04
1622.0	1.6599299230e-04
1623.0	1.6915082406e-04
1624.0	1.7208485209e-04
1625.0	1.7476607614e-04
1626.0	1.7717745020e-04
1627.0	1.7931334893e-04
1628.0	1.8117809530e-04
1629.0	1.8278382564e-04
1630.0	1.8414804959e-04
1631.0	1.8529128718e-04
1632.0	1.8623512906e-04
1633.0	1.8700097392e-04
1634.0	1.8760956342e-04
1635.0	1.8808128225e-04
1636.0	1.8843704271e-04
1637.0	1.8869945560e-04
1638.0	1.8889392105e-04
1639.0	1.8904926619e-04
1640.0	1.8919761368e-04
1641.0	1.8937327758e-04
1642.0	1.8961063447e-04
1643.0	1.8994108575e-04
1644.0	1.9038938773e-04
1645.0	1.9096975497e-04
1646.0	1.9168222311e-04
1647.0	1.9250977553e-04
1648.0	1.9341669399e-04
1649.0	1.9434848829e-04
1650.0	1.9523360910e-04
1651.0	1.9598696646e-04
1652.0	1.9651508459e-04
1653.0	1.9672254208e-04
1654.0	1.9651919341e-04
1655.0	1.9582755937e-04
1656.0	1.9458972241e-04
1657.0	1.9277307462e-04
1658.0	1.9037434259e-04
1659.0	1.8742145046e-04
1660.0	1.8397296946e-04
1661.0	1.8011512244e-04
1662.0	1.7595654573e-04
1663.0	1.7162123352e-04
1664.0	1.6724027730e-04
1665.0	1.6294314226e-04
1666.0	1.5884927560e-04
1667.0	1.5506080825e-04
1668.0	1.5165699251e-04
1669.0	1.4869082371e-04
1670.0	1.4618804606e-04
1671.0	1.4414847254e-04
1672.0	1.4254928853e-04
1673.0	1.4134979496e-04
1674.0	1.4049690674e-04
1675.0	1.3993067519e-04
1676.0	1.3958915602e-04
1677.0	1.3941208840e-04
1678.0	1.3934306438e-04
1679.0	1.3933012041e-04
1680.0	1.3932493642e-04
1681.0	1.3928104535e-04
1682.0	1.3915160636e-04
1683.0	1.3888735511e-04
1684.0	1.3843530837e-04
1685.0	1.3773867219e-04
1686.0	1.3673820474e-04
1687.0	1.3537504426e-04
1688.0	1.3359476607e-04
1689.0	1.3135221583e-04
1690.0	1.2861650990e-04
1691.0	1.2537552181e-04
1692.0	1.2163919574e-04
1693.0	1.1744114253e-04
1694.0	1.1283816646e-04
1695.0	1.0790761555e-04
1696.0	1.0274271337e-04
1697.0	9.7446281336e-05
1698.0	9.2123464674e-05
1699.0	8.6874206242e-05
1700.0	8.1786253692e-05
1701.0	7.6929430322e-05
1702.0	7.2351756066e-05
1703.0	6.8077790083e-05
1704.0	6.4109307706e-05
1705.0	6.0428154922e-05
1706.0	5.7000877083e-05
1707.0	5.3784525993e-05
1708.0	5.0732934201e-05
1709.0	4.7802720015e-05
1710.0	4.4958352617e-05
1711.0	4.2175753023e-05
1712.0	3.9444112277e-05
1713.0	3.6765844592e-05
1714.0	3.4154828101e-05
1715.0	3.1633288828e-05
1716.0	2.9227829130e-05
1717.0	2.6965174114e-05
1718.0	2.4868202704e-05
1719.0	2.2952750015e-05
1720.0	2.1225529688e-05
1721.0	1.9683351585e-05
1722.0	1.8313627405e-05
1723.0	1.7095990170e-05
1724.0	1.6004724639e-05
1725.0	1.5011629398e-05
1726.0	1.4088913368e-05
1727.0	1.3211766842e-05
1728.0	1.2360329262e-05
1729.0	1.1520886506e-05
1730.0	1.0686250895e-05
1731.0	9.8553893920e-06
1732.0	9.0324531790e-06
1733.0	8.2254177465e-06
1734.0	7.4445603018e-06
1735.0	6.7009781916e-06
1736.0	6.0053520384e-06
1737.0	5.3669635433e-06
1738.0	4.7931065056e-06
1739.0	4.2888368391e-06
1740.0	3.8569880337e-06
1741.0	3.4983651328e-06
1742.0	3.2121699054e-06
1743.0	2.9956233651e-06
1744.0	2.8452501770e-06
1745.0	2.7565685852e-06
1746.0	2.7241528840e-06
1747.0	2.7417481063e-06
1748.0	2.8023849634e-06
1749.0	2.8959137590e-06
1750.0	3.0218720664e-06
1751.0	3.1672541743e-06
1752.0	3.3237348144e-06
1753.0	3.4841232928e-06
1754.0	3.6419838797e-06
1755.0	3.7918492640e-06
1756.0	3.9723180484e-06
1757.0	4.0506168079e-06
1758.0	4.1515904626e-06
1759.0	4.2382637635e-06
1760.0	4.3049883907e-06
1761.0	4.3515406350e-06
1762.0	4.3780009689e-06
1763.0	4.3846302610e-06
1764.0	4.3771950093e-06
1765.0	4.3862359653e-06
1766.0	4.3032835126e-06
1767.0	4.2424957722e-06
1768.0	4.1692671316e-06
1769.0	4.0868870117e-06
1770.0	3.9999164827e-06
1771.0	3.9109607742e-06
1772.0	3.8256663356e-06
1773.0	3.7537594758e-06
1774.0	3.6920059635e-06
1775.0	3.6457434752e-06
1776.0	3.6162328783e-06
1777.0	3.5936747525e-06
1778.0	3.6024838950e-06
1779.0	3.6202045808e-06
1780.0	3.6414250233e-06
1781.0	3.6606467666e-06
1782.0	3.6716281962e-06
1783.0	3.6688201000e-06
1784.0	3.7815026143e-06
1785.0	3.6031498626e-06
1786.0	3.5373163780e-06
1787.0	3.4521771288e-06
1788.0	3.3517344596e-06
1789.0	3.2419333123e-06
1790.0	3.1302716127e-06
1791.0	3.0254171619e-06
1792.0	2.9550822369e-06
1793.0	2.9022914227e-06
1794.0	2.8867247290e-06
1795.0	2.9174515509e-06
1796.0	3.0035412837e-06
1797.0	3.1540633227e-06
1798.0	3.3780870630e-06
1799.0	3.6846818999e-06
