1359.0	5.2446710461e-06
1360.0	6.6613986112e-06
1361.0	8.1664118698e-06
1362.0	9.7587580607e-06
1363.0	1.1437484423e-05
1364.0	1.3201638195e-05
1365.0	1.5050266616e-05
1366.0	1.6982416925e-05
1367.0	1.8996948111e-05
1368.0	2.1092921467e-05
1369.0	2.3269429750e-05
1370.0	2.5525648650e-05
1371.0	2.7860856381e-05
1372.0	3.0274452257e-05
1373.0	3.2765969667e-05
1374.0	3.5335076643e-05
1375.0	3.7981547752e-05
1376.0	4.0705162198e-05
1377.0	4.3505716927e-05
1378.0	4.6382959462e-05
1379.0	4.9336467634e-05
1380.0	5.2365500571e-05
1381.0	5.5468843406e-05
1382.0	5.8644422034e-05
1383.0	6.1890229746e-05
1384.0	6.5202759198e-05
1385.0	6.8577159419e-05
1386.0	7.2007327052e-05
1387.0	7.5485929106e-05
1388.0	7.9004309170e-05
1389.0	8.2555641351e-05
1390.0	8.6119024359e-05
1391.0	8.9683793573e-05
1392.0	9.3236313593e-05
1393.0	9.6759650842e-05
1394.0	1.0023322766e-04
1395.0	1.0363307931e-04
1396.0	1.0688501945e-04
1397.0	1.1009418110e-04
1398.0	1.1313563358e-04
1399.0	1.1597680187e-04
1400.0	1.1858664964e-04
1401.0	1.2093956039e-04
1402.0	1.2301361950e-04
1403.0	1.2546071969e-04
1404.0	1.2626454458e-04
1405.0	1.2744282835e-04
1406.0	1.2834532546e-04
1407.0	1.2900063066e-04
1408.0	1.2942203076e-04
1409.0	1.2966000064e-04
1410.0	1.2974627365e-04
1411.0	1.2981132213e-04
1412.0	1.2975659659e-04
1413.0	1.2966389028e-04
1414.0	1.2956573556e-04
1415.0	1.2949274722e-04
1416.0	1.2947071487e-04
1417.0	1.2952411006e-04
1418.0	1.2967421883e-04
1419.0	1.2995244230e-04
1420.0	1.3037565130e-04
1421.0	1.3096161970e-04
1422.0	1.3172610725e-04
1423.0	1.3268191059e-04
1424.0	1.3383846295e-04
1425.0	1.3520167945e-04
1426.0	1.3677353760e-04
1427.0	1.3855338824e-04
1428.0	1.4053854942e-04
1429.0	1.4271591436e-04
1430.0	1.4507539928e-04
1431.0	1.4760259466e-04
1432.0	1.5027876292e-04
1433.0	1.5308091037e-04
1434.0	1.5598192127e-04
1435.0	1.5892576354e-04
1436.0	1.6195166306e-04
1437.0	1.6497076109e-04
1438.0	1.6794528884e-04
1439.0	1.7083709198e-04
1440.0	1.7360879108e-04
1441.0	1.7622500745e-04
1442.0	1.7900860682e-04
1443.0	1.8084615091e-04
1444.0	1.8282133600e-04
1445.0	1.8453811086e-04
1446.0	1.8598271926e-04
1447.0	1.8714591267e-04
1448.0	1.8802109348e-04
1449.0	1.8860608434e-04
1450.0	1.8911395544e-04
1451.0	1.8898095602e-04
1452.0	1.8872919493e-04
1453.0	1.8820060561e-04
1454.0	1.8739678959e-04
1455.0	1.8633686242e-04
1456.0	1.8501816145e-04
1457.0	1.8344800119e-04
1458.0	1.8166299916e-04
1459.0	1.7963759002e-04
1460.0	1.7739248144e-04
1461.0	1.7500000000e-04
1462.0	1.7227915471e-04
1463.0	1.6944063225e-04
1464.0	1.6642340044e-04
1465.0	1.6324003926e-04
1466.0	1.5990828412e-04
1467.0	1.5644466454e-04
1468.0	1.5300571336e-04
1469.0	1.4920812706e-04
1470.0	1.4547541860e-04
1471.0	1.4170032773e-04
1472.0	1.3790850153e-04
1473.0	1.3412567657e-04
1474.0	1.3037746604e-04
1475.0	1.2668849040e-04
1476.0	1.2310119025e-04
1477.0	1.1960952001e-04
1478.0	1.1624193566e-04
1479.0	1.1301489729e-04
1480.0	1.0994222135e-04
1481.0	1.0703500539e-04
1482.0	1.0430167458e-04
1483.0	1.0174807028e-04
1484.0	9.9380305330e-05
1485.0	9.7199847898e-05
1486.0	9.5206932885e-05
1487.0	9.3400021942e-05
1488.0	9.1776025845e-05
1489.0	9.0330471811e-05
1490.0	8.9057631456e-05
1491.0	8.7950617415e-05
1492.0	8.7001838352e-05
1493.0	8.6202789410e-05
1494.0	8.5544861948e-05
1495.0	8.5018652470e-05
1496.0	8.4614247730e-05
1497.0	8.4321446701e-05
1498.0	8.4129905804e-05
1499.0	8.4029194434e-05
1500.0	8.4010693502e-05
1501.0	8.4058638843e-05
1502.0	8.4163976904e-05
1503.0	8.4316890510e-05
1504.0	8.4506635697e-05
1505.0	8.4721440664e-05
1506.0	8.4948523728e-05
1507.0	8.5147946177e-05
1508.0	8.5381001525e-05
1509.0	8.5581072879e-05
1510.0	8.5734184882e-05
1511.0	8.5828048985e-05
1512.0	8.5853068300e-05
1513.0	8.5803202750e-05
1514.0	8.6043970000e-05
1515.0	8.5468533103e-05
1516.0	8.5196435613e-05
1517.0	8.4871920456e-05
1518.0	8.4511862866e-05
1519.0	8.4134835786e-05
1520.0	8.3759816130e-05
1521.0	8.3404854278e-05
1522.0	8.3137575231e-05
1523.0	8.2886864959e-05
1524.0	8.2710918428e-05
1525.0	8.2599489637e-05
1526.0	8.2554959272e-05
1527.0	8.2577175647e-05
1528.0	8.2664670403e-05
1529.0	8.2814763540e-05
1530.0	8.3133040000e-05
1531.0	8.3310391007e-05
1532.0	8.3654421810e-05
1533.0	8.4065216368e-05
1534.0	8.4546026742e-05
1535.0	8.5093971345e-05
1536.0	8.5710699146e-05
1537.0	8.6395575795e-05
1538.0	8.7161511508e-05
1539.0	8.7979487599e-05
1540.0	8.8848195206e-05
1541.0	8.9733287527e-05
1542.0	9.0683597538e-05
1543.0	9.1638671208e-05
1544.0	9.2580867406e-05
1545.0	9.3493077316e-05
1546.0	9.4362277888e-05
1547.0	9.5176559531e-05
1548.0	9.6244604936e-05
1549.0	9.6607672250e-05
1550.0	9.7224049879e-05
1551.0	9.7784632958e-05
1552.0	9.8300330615e-05
1553.0	9.8786259625e-05
1554.0	9.9252847724e-05
1555.0	9.9716623036e-05
1556.0	1.0023575277e-04
1557.0	1.0075764445e-04
1558.0	1.0131116167e-04
1559.0	1.0189822343e-04
1560.0	1.0249248311e-04
1561.0	1.0315248550e-04
1562.0	1.0381956379e-04
1563.0	1.0447732228e-04
1564.0	1.0511333413e-04
1565.0	1.0570915946e-04
1566.0	1.0624887288e-04
1567.0	1.0703985725e-04
1568.0	1.0710144397e-04
1569.0	1.0739869056e-04
1570.0	1.0760918213e-04
1571.0	1.0773515861e-04
1572.0	1.0778155139e-04
1573.0	1.0775622198e-04
1574.0	1.0766839781e-04
1575.0	1.0757330671e-04
1576.0	1.0741291621e-04
1577.0	1.0721817964e-04
1578.0	1.0699276545e-04
1579.0	1.0674972118e-04
1580.0	1.0648715608e-04
1581.0	1.0620751450e-04
1582.0	1.0591240267e-04
1583.0	1.0560966917e-04
1584.0	1.0529997070e-04
1585.0	1.0502592000e-04
1586.0	1.0467371936e-04
1587.0	1.0436587284e-04
1588.0	1.0406851326e-04
1589.0	1.0378710627e-04
1590.0	1.0352329212e-04
1591.0	1.0329505938e-04
1592.0	1.0310133653e-04
1593.0	1.0295488232e-04
1594.0	1.0285543938e-04
1595.0	1.0281423034e-04
1596.0	1.0284045047e-04
1597.0	1.0300310764e-04
1598.0	1.0313513387e-04
1599.0	1.0342663491e-04
1600.0	1.0383165181e-04
1601.0	1.0436474332e-04
1602.0	1.0504038199e-04
1603.0	1.0587370864e-04
1604.0	1.0688001510e-04
1605.0	1.0808237146e-04
1606.0	1.0948406637e-04
1607.0	1.1110311568e-04
1608.0	1.1295245072e-04
1609.0	1.1504364731e-04
1610.0	1.1738633928e-04
1611.0	1.1998886142e-04
1612.0	1.2285660121e-04
1613.0	1.2599305347e-04
1614.0	1.2939775824e-04
1615.0	1.3306742827e-04
1616.0	1.3699556000e-04
1617.0	1.4117477841e-04
1618.0	1.4558264018e-04
1619.0	1.5020418422e-04
1620.0	1.5501911104e-04
1621.0	1.6000173649e-04
1622.0	1.6512091212e-04
1623.0	1.7033897996e-04
1624.0	1.7557473437e-04
1625.0	1.8090753140e-04
1626.0	1.8619881258e-04
1627.0	1.9139953340e-04
1628.0	1.9646123043e-04
1629.0	2.0133798379e-04
1630.0	2.0600503098e-04
1631.0	2.1100000000e-04
1632.0	2.1444568582e-04
1633.0	2.1824096359e-04
1634.0	2.2172151999e-04
1635.0	2.2488808314e-04
1636.0	2.2774918905e-04
1637.0	2.3031982762e-04
1638.0	2.3262473557e-04
1639.0	2.3500000000e-04
1640.0	2.3665734362e-04
1641.0	2.3835997130e-04
1642.0	2.3990889567e-04
1643.0	2.4133243997e-04
1644.0	2.4266227101e-04
1645.0	2.4390345402e-04
1646.0	2.4507765128e-04
1647.0	2.4624235099e-04
1648.0	2.4735200401e-04
1649.0	2.4841834048e-04
1650.0	2.4942493444e-04
1651.0	2.5026033986e-04
1652.0	2.5112792200e-04
1653.0	2.5181481311e-04
1654.0	2.5226802708e-04
1655.0	2.5243973232e-04
1656.0	2.5228117447e-04
1657.0	2.5175256915e-04
1658.0	2.5200000000e-04
1659.0	2.4945964905e-04
1660.0	2.4768606214e-04
1661.0	2.4552445684e-04
1662.0	2.4300700659e-04
1663.0	2.4017601455e-04
1664.0	2.3708020173e-04
1665.0	2.3377126596e-04
1666.0	2.3046513274e-04
1667.0	2.2696588586e-04
1668.0	2.2339664413e-04
1669.0	2.1978940162e-04
1670.0	2.1616803128e-04
1671.0	2.1254901517e-04
1672.0	2.0894087179e-04
1673.0	2.0534475693e-04
1674.0	2.0177874645e-04
1675.0	1.9823426382e-04
1676.0	1.9470514480e-04
1677.0	1.9118500597e-04
1678.0	1.8765500953e-04
1679.0	1.8410090350e-04
1680.0	1.8050811459e-04
1681.0	1.7685808902e-04
1682.0	1.7313113047e-04
1683.0	1.6930484526e-04
1684.0	1.6531495519e-04
1685.0	1.6124044462e-04
1686.0	1.5701044621e-04
1687.0	1.5257840831e-04
1688.0	1.4792477576e-04
1689.0	1.4303579174e-04
1690.0	1.3790531546e-04
1691.0	1.3310793267e-04
1692.0	1.2709117363e-04
1693.0	1.2111871250e-04
1694.0	1.1514311294e-04
1695.0	1.0904595189e-04
1696.0	1.0287620977e-04
1697.0	9.6686160932e-05
1698.0	9.0528886461e-05
1699.0	8.4534827343e-05
1700.0	7.8657983853e-05
1701.0	7.2945844284e-05
1702.0	6.7444592954e-05
1703.0	6.2181907143e-05
1704.0	5.7178518672e-05
1705.0	5.2448431957e-05
1706.0	4.7999393540e-05
1707.0	4.3844469812e-05
1708.0	3.9985013245e-05
1709.0	3.6418115108e-05
1710.0	3.3138349105e-05
1711.0	3.0137420253e-05
1712.0	2.7404539248e-05
1713.0	2.4926875090e-05
1714.0	2.2689286260e-05
1715.0	2.0674750467e-05
1716.0	1.8867487949e-05
1717.0	1.7251046075e-05
1718.0	1.5808627425e-05
1719.0	1.4523337704e-05
1720.0	1.3375453774e-05
1721.0	1.2349163893e-05
1722.0	1.1445064395e-05
1723.0	1.0632205029e-05
1724.0	9.8960669965e-06
1725.0	9.2234835699e-06
1726.0	8.6029203171e-06
1727.0	8.0678290464e-06
1728.0	7.5915438258e-06
1729.0	6.9632073899e-06
1730.0	6.4726968698e-06
1731.0	6.0079202880e-06
1732.0	5.5693981222e-06
1733.0	5.1587021086e-06
1734.0	4.7780275173e-06
1735.0	4.4355600851e-06
1736.0	4.1403359007e-06
1737.0	3.8742048930e-06
1738.0	3.6457418362e-06
1739.0	3.4548915955e-06
1740.0	3.3008140146e-06
1741.0	3.1819406254e-06
1742.0	3.0961716571e-06
1743.0	3.0412771877e-06
1744.0	3.0165739271e-06
1745.0	3.0185744407e-06
1746.0	3.0447939562e-06
1747.0	3.0924936345e-06
1748.0	3.1586696794e-06
1749.0	3.2385654786e-06
1750.0	3.3327862759e-06
1751.0	3.4319883963e-06
1752.0	3.5398319363e-06
1753.0	3.6473048503e-06
1754.0	3.7506946607e-06
1755.0	3.8466319455e-06
1756.0	3.9530310436e-06
1757.0	4.0048526507e-06
1758.0	4.1002551860e-06
1759.0	4.1065370327e-06
1760.0	4.1351037002e-06
1761.0	4.1499870707e-06
1762.0	4.1525598749e-06
1763.0	4.1445712414e-06
1764.0	4.1308671970e-06
1765.0	4.1092337556e-06
1766.0	4.0881733843e-06
1767.0	4.0618767972e-06
1768.0	4.0343748723e-06
1769.0	4.0068151485e-06
1770.0	3.9800586544e-06
1771.0	3.9546888300e-06
1772.0	3.9314323392e-06
1773.0	3.9104186668e-06
1774.0	3.8924036616e-06
1775.0	3.8773122530e-06
1776.0	3.8651147539e-06
1777.0	3.8556397743e-06
1778.0	3.8485614116e-06
1779.0	3.8433792452e-06
1780.0	3.8394462767e-06
1781.0	3.8359176850e-06
1782.0	3.8318371206e-06
1783.0	3.8260803596e-06
1784.0	3.8173631222e-06
1785.0	3.8042628292e-06
1786.0	3.7852179081e-06
1787.0	3.7585463164e-06
1788.0	3.7224452089e-06
1789.0	3.6750040836e-06
1790.0	3.6141957990e-06
1791.0	3.5380513685e-06
1792.0	3.4443984496e-06
1793.0	3.3311222422e-06
1794.0	3.1959791321e-06
1795.0	3.0368464602e-06
1796.0	2.8516015674e-06
1797.0	2.6386213573e-06
1798.0	2.3942844833e-06
1799.0	2.1179669739e-06
