1359.0	8.0559502422e-06
1360.0	9.5018577335e-06
1361.0	1.1052256911e-05
1362.0	1.2705540996e-05
1363.0	1.4460103213e-05
1364.0	1.6314336784e-05
1365.0	1.8266634931e-05
1366.0	2.0315390877e-05
1367.0	2.2459041060e-05
1368.0	2.4695983781e-05
1369.0	2.7024627243e-05
1370.0	2.9443368891e-05
1371.0	3.1950583889e-05
1372.0	3.4544610861e-05
1373.0	3.7223732997e-05
1374.0	3.9986159335e-05
1375.0	4.2829989683e-05
1376.0	4.5753162492e-05
1377.0	4.8753436033e-05
1378.0	5.1828337471e-05
1379.0	5.4975092195e-05
1380.0	5.8190551164e-05
1381.0	6.1471028836e-05
1382.0	6.4812374231e-05
1383.0	6.8209978078e-05
1384.0	7.1658304333e-05
1385.0	7.5150928184e-05
1386.0	7.8680545219e-05
1387.0	8.2238830871e-05
1388.0	8.5817499321e-05
1389.0	8.9405810649e-05
1390.0	9.2990074746e-05
1391.0	9.6558890102e-05
1392.0	1.0009915879e-04
1393.0	1.0359597743e-04
1394.0	1.0703424426e-04
1395.0	1.1038270430e-04
1396.0	1.1363130191e-04
1397.0	1.1678443810e-04
1398.0	1.1979133738e-04
1399.0	1.2262862241e-04
1400.0	1.2527314618e-04
1401.0	1.2767930968e-04
1402.0	1.3000887300e-04
1403.0	1.3205963758e-04
1404.0	1.3354876814e-04
1405.0	1.3497190628e-04
1406.0	1.3612757089e-04
1407.0	1.3702403553e-04
1408.0	1.3801096580e-04
1409.0	1.3809819647e-04
1410.0	1.3834110470e-04
1411.0	1.3844243684e-04
1412.0	1.3840441629e-04
1413.0	1.3827838460e-04
1414.0	1.3810195288e-04
1415.0	1.3791209580e-04
1416.0	1.3779058633e-04
1417.0	1.3770129545e-04
1418.0	1.3769877803e-04
1419.0	1.3781198949e-04
1420.0	1.3806338021e-04
1421.0	1.3847227935e-04
1422.0	1.3905399148e-04
1423.0	1.3981973093e-04
1424.0	1.4078312088e-04
1425.0	1.4194765181e-04
1426.0	1.4331611773e-04
1427.0	1.4488259086e-04
1428.0	1.4664251347e-04
1429.0	1.4858610933e-04
1430.0	1.5070006694e-04
1431.0	1.5296643739e-04
1432.0	1.5536354489e-04
1433.0	1.5784634877e-04
1434.0	1.6044156122e-04
1435.0	1.6307543585e-04
1436.0	1.6572433511e-04
1437.0	1.6834664360e-04
1438.0	1.7090877110e-04
1439.0	1.7337878568e-04
1440.0	1.7600000000e-04
1441.0	1.7792333026e-04
1442.0	1.8000198130e-04
1443.0	1.8179390820e-04
1444.0	1.8344401111e-04
1445.0	1.8488910581e-04
1446.0	1.8612318118e-04
1447.0	1.8714388052e-04
1448.0	1.8798258366e-04
1449.0	1.8858249390e-04
1450.0	1.8900090306e-04
1451.0	1.8912757604e-04
1452.0	1.8906082103e-04
1453.0	1.8876391539e-04
1454.0	1.8820992083e-04
1455.0	1.8745501733e-04
1456.0	1.8645520237e-04
1457.0	1.8520456912e-04
1458.0	1.8370538870e-04
1459.0	1.8195049403e-04
1460.0	1.7994452353e-04
1461.0	1.7800000000e-04
1462.0	1.7520045985e-04
1463.0	1.7248705676e-04
1464.0	1.6957228022e-04
1465.0	1.6647835616e-04
1466.0	1.6323068561e-04
1467.0	1.5985581960e-04
1468.0	1.5638131378e-04
1469.0	1.5287722734e-04
1470.0	1.4930750913e-04
1471.0	1.4571856332e-04
1472.0	1.4213343963e-04
1473.0	1.3857326942e-04
1474.0	1.3505724293e-04
1475.0	1.3160257308e-04
1476.0	1.2822458635e-04
1477.0	1.2494272825e-04
1478.0	1.2176927129e-04
1479.0	1.1871656637e-04
1480.0	1.1579551811e-04
1481.0	1.1301555103e-04
1482.0	1.1038455138e-04
1483.0	1.0790878232e-04
1484.0	1.0559278529e-04
1485.0	1.0344009118e-04
1486.0	1.0145280081e-04
1487.0	9.9631733545e-05
1488.0	9.7976560114e-05
1489.0	9.6485905336e-05
1490.0	9.5157426027e-05
1491.0	9.3987863099e-05
1492.0	9.2973062260e-05
1493.0	9.2107941422e-05
1494.0	9.1387109620e-05
1495.0	9.0804164230e-05
1496.0	9.0351897944e-05
1497.0	9.0022464964e-05
1498.0	8.9807497569e-05
1499.0	8.9698164564e-05
1500.0	8.9686909787e-05
1501.0	8.9759187989e-05
1502.0	8.9906284964e-05
1503.0	9.0118439544e-05
1504.0	9.0384707822e-05
1505.0	9.0692891230e-05
1506.0	9.1029577076e-05
1507.0	9.1355914543e-05
1508.0	9.1726704156e-05
1509.0	9.2077944166e-05
1510.0	9.2394174628e-05
1511.0	9.2661394284e-05
1512.0	9.2867989437e-05
1513.0	9.3005555276e-05
1514.0	9.3411380000e-05
1515.0	9.3052636827e-05
1516.0	9.2967947630e-05
1517.0	9.2824533662e-05
1518.0	9.2635412519e-05
1519.0	9.2415668478e-05
1520.0	9.2181310139e-05
1521.0	9.1948211889e-05
1522.0	9.1778979599e-05
1523.0	9.1612890553e-05
1524.0	9.1492037593e-05
1525.0	9.1417953863e-05
1526.0	9.1395095644e-05
1527.0	9.1426434822e-05
1528.0	9.1512933516e-05
1529.0	9.1654254555e-05
1530.0	9.1887850000e-05
1531.0	9.2116711250e-05
1532.0	9.2438450153e-05
1533.0	9.2825017682e-05
1534.0	9.3271463601e-05
1535.0	9.3780374351e-05
1536.0	9.4352455515e-05
1537.0	9.4985772854e-05
1538.0	9.5681496448e-05
1539.0	9.6423945840e-05
1540.0	9.7173789901e-05
1541.0	9.8007509848e-05
1542.0	9.8847007344e-05
1543.0	9.9674795895e-05
1544.0	1.0047377840e-04
1545.0	1.0122860991e-04
1546.0	1.0192783708e-04
1547.0	1.0300000000e-04
1548.0	1.0312466866e-04
1549.0	1.0362436199e-04
1550.0	1.0407255523e-04
1551.0	1.0448296032e-04
1552.0	1.0487209526e-04
1553.0	1.0525951301e-04
1554.0	1.0565807183e-04
1555.0	1.0614661597e-04
1556.0	1.0664769730e-04
1557.0	1.0720036041e-04
1558.0	1.0780673508e-04
1559.0	1.0846313446e-04
1560.0	1.0913590878e-04
1561.0	1.0988016869e-04
1562.0	1.1062878778e-04
1563.0	1.1136806989e-04
1564.0	1.1207480972e-04
1565.0	1.1272837792e-04
1566.0	1.1330979376e-04
1567.0	1.1414209140e-04
1568.0	1.1418799123e-04
1569.0	1.1446550881e-04
1570.0	1.1463264076e-04
1571.0	1.1469121313e-04
1572.0	1.1464635973e-04
1573.0	1.1450595869e-04
1574.0	1.1427978717e-04
1575.0	1.1402629696e-04
1576.0	1.1368618584e-04
1577.0	1.1329376922e-04
1578.0	1.1285853108e-04
1579.0	1.1238909434e-04
1580.0	1.1189318751e-04
1581.0	1.1137773025e-04
1582.0	1.1084898204e-04
1583.0	1.1031939833e-04
1584.0	1.0979523990e-04
1585.0	1.0928292559e-04
1586.0	1.0879025983e-04
1587.0	1.0832482399e-04
1588.0	1.0789386919e-04
1589.0	1.0750418537e-04
1590.0	1.0716196734e-04
1591.0	1.0686798456e-04
1592.0	1.0664459618e-04
1593.0	1.0648675023e-04
1594.0	1.0640072470e-04
1595.0	1.0639329371e-04
1596.0	1.0647196172e-04
1597.0	1.0664514015e-04
1598.0	1.0700169826e-04
1599.0	1.0731216294e-04
1600.0	1.0782852908e-04
1601.0	1.0848424108e-04
1602.0	1.0929284001e-04
1603.0	1.1026812909e-04
1604.0	1.1142382333e-04
1605.0	1.1277313439e-04
1606.0	1.1433939758e-04
1607.0	1.1611711989e-04
1608.0	1.1812089329e-04
1609.0	1.2035748487e-04
1610.0	1.2283178320e-04
1611.0	1.2554587289e-04
1612.0	1.2849899760e-04
1613.0	1.3168761232e-04
1614.0	1.3510694033e-04
1615.0	1.3874796452e-04
1616.0	1.4260097316e-04
1617.0	1.4664697577e-04
1618.0	1.5087023881e-04
1619.0	1.5525210062e-04
1620.0	1.5977017433e-04
1621.0	1.6439852216e-04
1622.0	1.6910814118e-04
1623.0	1.7384276026e-04
1624.0	1.7863859004e-04
1625.0	1.8341299282e-04
1626.0	1.8812458155e-04
1627.0	1.9273852054e-04
1628.0	1.9722107732e-04
1629.0	2.0154051821e-04
1630.0	2.0601669575e-04
1631.0	2.0957117256e-04
1632.0	2.1321456155e-04
1633.0	2.1664935272e-04
1634.0	2.1981895720e-04
1635.0	2.2271656798e-04
1636.0	2.2533988722e-04
1637.0	2.2769075035e-04
1638.0	2.2982429050e-04
1639.0	2.3200000000e-04
1640.0	2.3328813121e-04
1641.0	2.3467345897e-04
1642.0	2.3585590501e-04
1643.0	2.3685681265e-04
1644.0	2.3770153204e-04
1645.0	2.3839893405e-04
1646.0	2.3897629307e-04
1647.0	2.3949458350e-04
1648.0	2.3989756153e-04
1649.0	2.4021057729e-04
1650.0	2.4042776392e-04
1651.0	2.4047889069e-04
1652.0	2.4050444204e-04
1653.0	2.4036507820e-04
1654.0	2.4002930305e-04
1655.0	2.3947154389e-04
1656.0	2.3866276148e-04
1657.0	2.3758092567e-04
1658.0	2.3700000000e-04
1659.0	2.3453323587e-04
1660.0	2.3257103949e-04
1661.0	2.3034325255e-04
1662.0	2.2787609753e-04
1663.0	2.2520264576e-04
1664.0	2.2235993080e-04
1665.0	2.1938667651e-04
1666.0	2.1643143234e-04
1667.0	2.1336585149e-04
1668.0	2.1027511468e-04
1669.0	2.0718255448e-04
1670.0	2.0410512220e-04
1671.0	2.0105458165e-04
1672.0	1.9803596894e-04
1673.0	1.9504841797e-04
1674.0	1.9210155203e-04
1675.0	1.8918630722e-04
1676.0	1.8629447048e-04
1677.0	1.8341905353e-04
1678.0	1.8053536501e-04
1679.0	1.7763095604e-04
1680.0	1.7468973150e-04
1681.0	1.7169159685e-04
1682.0	1.6861435570e-04
1683.0	1.6543277188e-04
1684.0	1.6206234596e-04
1685.0	1.5863852241e-04
1686.0	1.5501918316e-04
1687.0	1.5117654170e-04
1688.0	1.4708708785e-04
1689.0	1.4273358567e-04
1690.0	1.3810700050e-04
1691.0	1.3401546445e-04
1692.0	1.2803127049e-04
1693.0	1.2261944562e-04
1694.0	1.1700832910e-04
1695.0	1.1124176611e-04
1696.0	1.0536938375e-04
1697.0	9.9444101814e-05
1698.0	9.3519515303e-05
1699.0	8.7759523114e-05
1700.0	8.2046237309e-05
1701.0	7.6477438921e-05
1702.0	7.1087520584e-05
1703.0	6.5904165934e-05
1704.0	6.0948336636e-05
1705.0	5.6234549324e-05
1706.0	5.1771695076e-05
1707.0	4.7578952977e-05
1708.0	4.3656583904e-05
1709.0	4.0004850226e-05
1710.0	3.6621548480e-05
1711.0	3.3501735456e-05
1712.0	3.0638689380e-05
1713.0	2.8020216438e-05
1714.0	2.5634452714e-05
1715.0	2.3466596762e-05
1716.0	2.1508616985e-05
1717.0	1.9740518448e-05
1718.0	1.8145759994e-05
1719.0	1.6696055027e-05
1720.0	1.5406370983e-05
1721.0	1.4237380587e-05
1722.0	1.3204450217e-05
1723.0	1.2195323707e-05
1724.0	1.1293070610e-05
1725.0	1.0453911977e-05
1726.0	9.8273799532e-06
1727.0	8.9260705127e-06
1728.0	8.2263386667e-06
1729.0	7.5673571504e-06
1730.0	6.9534341170e-06
1731.0	6.3794568740e-06
1732.0	5.8497148360e-06
1733.0	5.3666453898e-06
1734.0	4.9546086469e-06
1735.0	4.5829176945e-06
1736.0	4.2637261600e-06
1737.0	3.9970305869e-06
1738.0	3.7824820888e-06
1739.0	3.6183087886e-06
1740.0	3.5021201781e-06
1741.0	3.4308526975e-06
1742.0	3.4044891845e-06
1743.0	3.4174732242e-06
1744.0	3.4667704151e-06
1745.0	3.5487817034e-06
1746.0	3.6593562977e-06
1747.0	3.7936925833e-06
1748.0	3.9463159532e-06
1749.0	4.1028301811e-06
1750.0	4.2805153579e-06
1751.0	4.4562972143e-06
1752.0	4.6233428801e-06
1753.0	4.7752104334e-06
1754.0	4.9061914964e-06
1755.0	5.0116191028e-06
1756.0	5.2045847003e-06
1757.0	5.1314107444e-06
1758.0	5.1441015089e-06
1759.0	5.1278862224e-06
1760.0	5.0857118455e-06
1761.0	5.0214997469e-06
1762.0	4.9398152391e-06
1763.0	4.8455819309e-06
1764.0	4.7598497896e-06
1765.0	4.6632672589e-06
1766.0	4.5678652480e-06
1767.0	4.4768038699e-06
1768.0	4.3925526146e-06
1769.0	4.3170437920e-06
1770.0	4.2508570244e-06
1771.0	4.1945778874e-06
1772.0	4.1503840940e-06
1773.0	4.1177562401e-06
1774.0	4.0962641722e-06
1775.0	4.0850135003e-06
1776.0	4.0801969465e-06
1777.0	4.0871916691e-06
1778.0	4.0987819527e-06
1779.0	4.1125493267e-06
1780.0	4.1260966937e-06
1781.0	4.1369797983e-06
1782.0	4.1428786354e-06
1783.0	4.1765423308e-06
1784.0	4.1307948485e-06
1785.0	4.1120250096e-06
1786.0	4.0827982425e-06
1787.0	4.0430849390e-06
1788.0	3.9934968985e-06
1789.0	3.9352455659e-06
1790.0	3.9002217675e-06
1791.0	3.8050135588e-06
1792.0	3.7352575136e-06
1793.0	3.6658863636e-06
1794.0	3.6011581153e-06
1795.0	3.5439905368e-06
1796.0	3.4973013962e-06
1797.0	3.4640084616e-06
1798.0	3.4470295011e-06
1799.0	3.4515944126e-06
