2664.0	3.3693013666e-06
2665.0	3.9732675869e-06
2666.0	4.3573933471e-06
2667.0	4.4919399143e-06
2668.0	4.4809928543e-06
2669.0	4.3988990000e-06
2670.0	4.3200051843e-06
2671.0	4.3209247757e-06
2672.0	4.4782711428e-06
2673.0	4.8218159162e-06
2674.0	5.3118236313e-06
2675.0	5.8617170855e-06
2676.0	6.3849190763e-06
2677.0	6.7946577869e-06
2678.0	7.0140060000e-06
2679.0	6.9775218646e-06
2680.0	6.7543063899e-06
2681.0	6.4249459512e-06
2682.0	6.0798715234e-06
2683.0	5.8102669898e-06
2684.0	5.7073162339e-06
2685.0	5.7957792640e-06
2686.0	5.9986261358e-06
2687.0	6.1853050000e-06
2688.0	6.2163780439e-06
2689.0	6.3174351962e-06
2690.0	6.5058340000e-06
2691.0	6.4621129555e-06
2692.0	6.6370788615e-06
2693.0	7.1569013014e-06
2694.0	7.8288394103e-06
2695.0	8.4801819309e-06
2696.0	8.9756680000e-06
2697.0	9.1928369583e-06
2698.0	9.1900920456e-06
2699.0	9.0412761030e-06
2700.0	8.8334659152e-06
2701.0	8.6534747107e-06
2702.0	8.5881157176e-06
2703.0	8.6612736233e-06
2704.0	8.8000033089e-06
2705.0	8.8822390000e-06
2706.0	8.8020241222e-06
2707.0	8.6451547994e-06
2708.0	8.5164416617e-06
2709.0	8.5345032248e-06
2710.0	8.7406978714e-06
2711.0	9.1974092601e-06
2712.0	9.7647380000e-06
2713.0	1.0098482200e-05
2714.0	1.0376310000e-05
2715.0	1.0530202253e-05
2716.0	1.0564422768e-05
2717.0	1.0551126262e-05
2718.0	1.0572121015e-05
2719.0	1.0674401672e-05
2720.0	1.0856885099e-05
2721.0	1.1086087921e-05
2722.0	1.1328526760e-05
2723.0	1.1550981373e-05
2724.0	1.1725450000e-05
2725.0	1.1830019111e-05
2726.0	1.1915587444e-05
2727.0	1.2039141967e-05
2728.0	1.2232032968e-05
2729.0	1.2478521029e-05
2730.0	1.2730948521e-05
2731.0	1.2945910000e-05
2732.0	1.3086453893e-05
2733.0	1.3173741795e-05
2734.0	1.3233896182e-05
2735.0	1.3297970829e-05
2736.0	1.3395956462e-05
2737.0	1.3543808757e-05
2738.0	1.3736657174e-05
2739.0	1.3955425410e-05
2740.0	1.4181720000e-05
2741.0	1.4398623240e-05
2742.0	1.4598971527e-05
2743.0	1.4776397903e-05
2744.0	1.4916497415e-05
2745.0	1.4989437824e-05
2746.0	1.4965930000e-05
2747.0	1.4827492751e-05
2748.0	1.4685449780e-05
2749.0	1.4661932724e-05
2750.0	1.4830973092e-05
2751.0	1.5174130571e-05
2752.0	1.5655880412e-05
2753.0	1.6188670000e-05
2754.0	1.6612289452e-05
2755.0	1.6959170000e-05
2756.0	1.7175162809e-05
2757.0	1.7271054049e-05
2758.0	1.7285175463e-05
2759.0	1.7262812984e-05
2760.0	1.7247665598e-05
2761.0	1.7267303807e-05
2762.0	1.7359471676e-05
2763.0	1.7512220000e-05
2764.0	1.7663604267e-05
2765.0	1.7863421484e-05
2766.0	1.8090394936e-05
2767.0	1.8269347466e-05
2768.0	1.8361260000e-05
2769.0	1.8332824218e-05
2770.0	1.8251704740e-05
2771.0	1.8196277109e-05
2772.0	1.8252305133e-05
2773.0	1.8460485699e-05
2774.0	1.8797383001e-05
2775.0	1.9196341378e-05
2776.0	1.9590178018e-05
2777.0	1.9915910000e-05
2778.0	2.0113014450e-05
2779.0	2.0147269851e-05
2780.0	1.9996980000e-05
2781.0	1.9654300117e-05
2782.0	1.9251673941e-05
2783.0	1.8933288024e-05
2784.0	1.8786082730e-05
2785.0	1.8794600583e-05
2786.0	1.8874282201e-05
2787.0	1.8947730000e-05
2788.0	1.8949158833e-05
2789.0	1.8910661462e-05
2790.0	1.8872686082e-05
2791.0	1.8882842683e-05
2792.0	1.8989434457e-05
2793.0	1.9240764596e-05
2794.0	1.9633807546e-05
2795.0	2.0086996725e-05
2796.0	2.0476940000e-05
2797.0	2.0691332294e-05
2798.0	2.0750229147e-05
2799.0	2.0684773155e-05
2800.0	2.0535697871e-05
2801.0	2.0341361047e-05
2802.0	2.0138306695e-05
2803.0	1.9960387464e-05
2804.0	1.9840790812e-05
2805.0	1.9812704193e-05
2806.0	1.9885666162e-05
2807.0	2.0033993128e-05
2808.0	2.0208264835e-05
2809.0	2.0357692299e-05
2810.0	2.0438110000e-05
2811.0	2.0411739820e-05
2812.0	2.0315627497e-05
2813.0	2.0193206171e-05
2814.0	2.0095158122e-05
2815.0	2.0070796903e-05
2816.0	2.0132768734e-05
2817.0	2.0239310242e-05
2818.0	2.0311990722e-05
2819.0	2.0268860696e-05
2820.0	2.0043820000e-05
2821.0	1.9587189404e-05
2822.0	1.9041649204e-05
2823.0	1.8570933055e-05
2824.0	1.8352849701e-05
2825.0	1.8465952324e-05
2826.0	1.8846733067e-05
2827.0	1.9335947286e-05
2828.0	1.9770284346e-05
2829.0	2.0007330000e-05
2830.0	1.9923644627e-05
2831.0	1.9618062777e-05
2832.0	1.9208393628e-05
2833.0	1.8832373201e-05
2834.0	1.8623671526e-05
2835.0	1.8640259082e-05
2836.0	1.8827777976e-05
2837.0	1.9053162428e-05
2838.0	1.9195380000e-05
2839.0	1.9151100039e-05
2840.0	1.8981447599e-05
2841.0	1.8761586636e-05
2842.0	1.8581536455e-05
2843.0	1.8528308030e-05
2844.0	1.8630590843e-05
2845.0	1.8830532818e-05
2846.0	1.9009126845e-05
2847.0	1.9058700000e-05
2848.0	1.8887624587e-05
2849.0	1.8559173474e-05
2850.0	1.8149842747e-05
2851.0	1.7749200222e-05
2852.0	1.7443980168e-05
2853.0	1.7285007654e-05
2854.0	1.7269823127e-05
2855.0	1.7360057835e-05
2856.0	1.7517343024e-05
2857.0	1.7704734420e-05
2858.0	1.7886540000e-05
2859.0	1.8028528694e-05
2860.0	1.8113583497e-05
2861.0	1.8126048360e-05
2862.0	1.8050648115e-05
2863.0	1.7875280000e-05
2864.0	1.7591907636e-05
2865.0	1.7240768134e-05
2866.0	1.6866164988e-05
2867.0	1.6502686387e-05
2868.0	1.6164460908e-05
2869.0	1.5852416356e-05
2870.0	1.5567663585e-05
2871.0	1.5311952194e-05
2872.0	1.5083248781e-05
2873.0	1.4873906449e-05
2874.0	1.4672495300e-05
2875.0	1.4467067082e-05
2876.0	1.4247930000e-05
2877.0	1.4007811239e-05
2878.0	1.3767774575e-05
2879.0	1.3551302763e-05
2880.0	1.3384776668e-05
2881.0	1.3294058803e-05
2882.0	1.3287967863e-05
2883.0	1.3350031715e-05
2884.0	1.3445947079e-05
2885.0	1.3544560000e-05
2886.0	1.3619215442e-05
2887.0	1.3686299177e-05
2888.0	1.3765871193e-05
2889.0	1.3882134358e-05
2890.0	1.4058504209e-05
2891.0	1.4297862869e-05
2892.0	1.4572623533e-05
2893.0	1.4833625059e-05
2894.0	1.5035870000e-05
2895.0	1.5140212100e-05
2896.0	1.5164408900e-05
2897.0	1.5131075585e-05
2898.0	1.5066991028e-05
2899.0	1.4998361869e-05
2900.0	1.4951394748e-05
2901.0	1.4942610105e-05
2902.0	1.4974155315e-05
2903.0	1.5038967641e-05
2904.0	1.5129984345e-05
2905.0	1.5230772260e-05
2906.0	1.5309381933e-05
2907.0	1.5327690000e-05
2908.0	1.5251849164e-05
2909.0	1.5098579326e-05
2910.0	1.4888876454e-05
2911.0	1.4647680251e-05
2912.0	1.4399014120e-05
2913.0	1.4161145175e-05
2914.0	1.3943798941e-05
2915.0	1.3750944656e-05
2916.0	1.3586551559e-05
2917.0	1.3454836167e-05
2918.0	1.3360140000e-05
2919.0	1.3306950418e-05
2920.0	1.3301463166e-05
2921.0	1.3350019829e-05
2922.0	1.3459717223e-05
2923.0	1.3637620912e-05
2924.0	1.3877771749e-05
2925.0	1.4154883587e-05
2926.0	1.4430645567e-05
2927.0	1.4666746830e-05
2928.0	1.4825506744e-05
2929.0	1.4866519675e-05
2930.0	1.4760280000e-05
2931.0	1.4489998780e-05
2932.0	1.4191555730e-05
2933.0	1.4013547247e-05
2934.0	1.4038965631e-05
2935.0	1.4234555955e-05
2936.0	1.4490559180e-05
2937.0	1.4692971028e-05
2938.0	1.4748470000e-05
2939.0	1.4583545725e-05
2940.0	1.4362173180e-05
2941.0	1.4268138474e-05
2942.0	1.4390358232e-05
2943.0	1.4647532204e-05
2944.0	1.4838702207e-05
2945.0	1.4794140000e-05
2946.0	1.4385964392e-05
2947.0	1.3923282753e-05
2948.0	1.3751637388e-05
2949.0	1.4037427371e-05
2950.0	1.4620387508e-05
2951.0	1.5156640000e-05
2952.0	1.5333527705e-05
2953.0	1.5214300547e-05
2954.0	1.4893429108e-05
2955.0	1.4492144533e-05
2956.0	1.4128476999e-05
2957.0	1.3920456683e-05
2958.0	1.3914004231e-05
2959.0	1.4048039048e-05
2960.0	1.4185954290e-05
2961.0	1.4204810000e-05
2962.0	1.4001100100e-05
2963.0	1.3658099344e-05
2964.0	1.3277608164e-05
2965.0	1.2975093882e-05
2966.0	1.2809267039e-05
2967.0	1.2759688413e-05
2968.0	1.2752578723e-05
2969.0	1.2711645670e-05
2970.0	1.2573230000e-05
2971.0	1.2285399883e-05
2972.0	1.1933601857e-05
2973.0	1.1619216878e-05
2974.0	1.1453677975e-05
2975.0	1.1458960622e-05
2976.0	1.1522700475e-05
2977.0	1.1466890000e-05
2978.0	1.1138373229e-05
2979.0	1.0682848775e-05
2980.0	1.0270866822e-05
2981.0	1.0021341983e-05
2982.0	9.9396345711e-06
2983.0	9.9581679852e-06
2984.0	1.0009365625e-05
2985.0	1.0027924890e-05
2986.0	9.9535640000e-06
2987.0	9.7318588013e-06
2988.0	9.3770030265e-06
2989.0	8.9099473487e-06
2990.0	8.3566632622e-06
2991.0	7.7232812012e-06
2992.0	6.9883525904e-06
2993.0	6.1118430000e-06
2994.0	5.0615450229e-06
